y-m-day-hour_6_rounded,n_barcode,n_barcode_L,n_barcode_R,cumulative_per_day_n_barcode,cumulative_per_day_n_barcode_L,cumulative_per_day_n_barcode_R,work_time,work_time_L,work_time_R,CYCLE_ABORTED,CYCLE_COMPLETED,CYCLE_NOT_STARTED,CYCLE_ABORTED_L,CYCLE_COMPLETED_L,CYCLE_NOT_STARTED_L,CYCLE_ABORTED_R,CYCLE_COMPLETED_R,CYCLE_NOT_STARTED_R,cumulative_per_day_CYCLE_COMPLETED,cumulative_per_day_CYCLE_ABORTED,cumulative_per_day_CYCLE_NOT_STARTED,cumulative_per_day_CYCLE_COMPLETED_L,cumulative_per_day_CYCLE_ABORTED_L,cumulative_per_day_CYCLE_NOT_STARTED_L,cumulative_per_day_CYCLE_COMPLETED_R,cumulative_per_day_CYCLE_ABORTED_R,cumulative_per_day_CYCLE_NOT_STARTED_R
2010-12-22 00:00:00,14,14.0,0.0,14,14.0,0.0,14818.0,14818.0,0.0,0,14,0,0.0,14.0,0.0,0.0,0.0,0.0,14,0,0,14.0,0.0,0.0,0.0,0.0,0.0
2010-12-22 06:00:00,6,6.0,0.0,20,20.0,0.0,5556.0,5556.0,0.0,1,5,0,1.0,5.0,0.0,0.0,0.0,0.0,19,1,0,19.0,1.0,0.0,0.0,0.0,0.0
2010-12-22 12:00:00,22,22.0,0.0,42,42.0,0.0,21271.0,21271.0,0.0,1,21,0,1.0,21.0,0.0,0.0,0.0,0.0,40,2,0,40.0,2.0,0.0,0.0,0.0,0.0
2010-12-22 18:00:00,12,12.0,0.0,54,54.0,0.0,11659.0,11659.0,0.0,0,12,0,0.0,12.0,0.0,0.0,0.0,0.0,52,2,0,52.0,2.0,0.0,0.0,0.0,0.0
2012-12-22 12:00:00,2,0.0,2.0,2,0.0,2.0,2278.0,0.0,2278.0,2,0,0,0.0,0.0,0.0,2.0,0.0,0.0,0,2,0,0.0,0.0,0.0,0.0,2.0,0.0
2012-12-22 18:00:00,13,0.0,13.0,15,0.0,15.0,17509.0,0.0,17509.0,1,12,0,0.0,0.0,0.0,1.0,12.0,0.0,12,3,0,0.0,0.0,0.0,12.0,3.0,0.0
2013-12-22 00:00:00,17,0.0,17.0,17,0.0,17.0,21532.0,0.0,21532.0,1,16,0,0.0,0.0,0.0,1.0,16.0,0.0,16,1,0,0.0,0.0,0.0,16.0,1.0,0.0
2013-12-22 06:00:00,21,0.0,21.0,38,0.0,38.0,21282.0,0.0,21282.0,1,20,0,0.0,0.0,0.0,1.0,20.0,0.0,36,2,0,0.0,0.0,0.0,36.0,2.0,0.0
2013-12-22 12:00:00,32,11.0,21.0,70,11.0,59.0,20930.0,11886.0,20468.0,3,29,0,2.0,9.0,0.0,1.0,20.0,0.0,65,5,0,9.0,2.0,0.0,56.0,3.0,0.0
2013-12-22 18:00:00,22,21.0,1.0,92,32.0,60.0,21386.0,20890.0,77.0,1,21,0,1.0,20.0,0.0,0.0,1.0,0.0,86,6,0,29.0,3.0,0.0,57.0,3.0,0.0
2014-12-22 00:00:00,16,16.0,0.0,16,16.0,0.0,20868.0,20868.0,0.0,2,14,0,2.0,14.0,0.0,0.0,0.0,0.0,14,2,0,14.0,2.0,0.0,0.0,0.0,0.0
2014-12-22 06:00:00,21,21.0,0.0,37,37.0,0.0,21412.0,21412.0,0.0,1,20,0,1.0,20.0,0.0,0.0,0.0,0.0,34,3,0,34.0,3.0,0.0,0.0,0.0,0.0
2014-12-22 12:00:00,15,15.0,0.0,52,52.0,0.0,16597.0,16597.0,0.0,0,15,0,0.0,15.0,0.0,0.0,0.0,0.0,49,3,0,49.0,3.0,0.0,0.0,0.0,0.0
2015-12-22 06:00:00,2,0.0,2.0,2,0.0,2.0,2467.0,0.0,2467.0,2,0,0,0.0,0.0,0.0,2.0,0.0,0.0,0,2,0,0.0,0.0,0.0,0.0,2.0,0.0
2016-12-22 06:00:00,10,0.0,10.0,10,0.0,10.0,12231.0,0.0,12231.0,1,9,0,0.0,0.0,0.0,1.0,9.0,0.0,9,1,0,0.0,0.0,0.0,9.0,1.0,0.0
2016-12-22 12:00:00,14,0.0,14.0,24,0.0,24.0,20820.0,0.0,20820.0,1,13,0,0.0,0.0,0.0,1.0,13.0,0.0,22,2,0,0.0,0.0,0.0,22.0,2.0,0.0
2018-11-22 06:00:00,2,1.0,1.0,2,1.0,1.0,1588.0,72.0,60.0,0,0,2,0.0,0.0,1.0,0.0,0.0,1.0,0,0,2,0.0,0.0,1.0,0.0,0.0,1.0
2019-12-22 06:00:00,3,0.0,3.0,3,0.0,3.0,13401.0,0.0,13401.0,1,2,0,0.0,0.0,0.0,1.0,2.0,0.0,2,1,0,0.0,0.0,0.0,2.0,1.0,0.0
2019-12-22 12:00:00,7,1.0,6.0,10,1.0,9.0,13509.0,1156.0,6573.0,2,4,1,1.0,0.0,0.0,1.0,4.0,1.0,6,3,1,0.0,1.0,0.0,6.0,2.0,1.0
2020-12-22 06:00:00,9,9.0,0.0,9,9.0,0.0,13024.0,13024.0,0.0,2,7,0,2.0,7.0,0.0,0.0,0.0,0.0,7,2,0,7.0,2.0,0.0,0.0,0.0,0.0
2020-12-22 12:00:00,22,18.0,4.0,31,27.0,4.0,21289.0,21289.0,15500.0,3,19,0,1.0,17.0,0.0,2.0,2.0,0.0,26,5,0,24.0,3.0,0.0,2.0,2.0,0.0
2020-12-22 18:00:00,7,4.0,3.0,38,31.0,7.0,3820.0,3336.0,3820.0,0,7,0,0.0,4.0,0.0,0.0,3.0,0.0,33,5,0,28.0,3.0,0.0,5.0,2.0,0.0
2024-11-22 00:00:00,1,0.0,1.0,1,0.0,1.0,0.0,0.0,0.0,0,0,1,0.0,0.0,0.0,0.0,0.0,1.0,0,0,1,0.0,0.0,0.0,0.0,0.0,1.0
2024-11-22 06:00:00,5,0.0,5.0,6,0.0,6.0,7596.0,0.0,7596.0,3,2,0,0.0,0.0,0.0,3.0,2.0,0.0,2,3,1,0.0,0.0,0.0,2.0,3.0,1.0
2024-11-22 12:00:00,13,0.0,13.0,19,0.0,19.0,21011.0,0.0,21011.0,1,12,0,0.0,0.0,0.0,1.0,12.0,0.0,14,4,1,0.0,0.0,0.0,14.0,4.0,1.0
2024-11-22 18:00:00,20,0.0,20.0,39,0.0,39.0,20707.0,0.0,20707.0,2,17,1,0.0,0.0,0.0,2.0,17.0,1.0,31,6,2,0.0,0.0,0.0,31.0,6.0,2.0
2025-11-22 00:00:00,1,0.0,1.0,1,0.0,1.0,86.0,0.0,86.0,0,1,0,0.0,0.0,0.0,0.0,1.0,0.0,1,0,0,0.0,0.0,0.0,1.0,0.0,0.0
2025-11-22 06:00:00,2,2.0,0.0,3,2.0,0.0,3273.0,3273.0,0.0,2,0,0,2.0,0.0,0.0,0.0,0.0,0.0,1,2,0,0.0,2.0,0.0,0.0,0.0,0.0
2025-11-22 12:00:00,17,17.0,0.0,20,19.0,0.0,19696.0,19696.0,0.0,3,14,0,3.0,14.0,0.0,0.0,0.0,0.0,15,5,0,14.0,5.0,0.0,0.0,0.0,0.0
2025-11-22 18:00:00,14,14.0,0.0,34,33.0,0.0,15103.0,15103.0,0.0,0,14,0,0.0,14.0,0.0,0.0,0.0,0.0,29,5,0,28.0,5.0,0.0,0.0,0.0,0.0
2026-11-22 00:00:00,13,13.0,0.0,13,13.0,0.0,13334.0,13334.0,0.0,1,12,0,1.0,12.0,0.0,0.0,0.0,0.0,12,1,0,12.0,1.0,0.0,0.0,0.0,0.0
2026-11-22 06:00:00,19,19.0,0.0,32,32.0,0.0,20843.0,20843.0,0.0,2,17,0,2.0,17.0,0.0,0.0,0.0,0.0,29,3,0,29.0,3.0,0.0,0.0,0.0,0.0
2026-11-22 12:00:00,2,2.0,0.0,34,34.0,0.0,1176.0,1176.0,0.0,0,2,0,0.0,2.0,0.0,0.0,0.0,0.0,31,3,0,31.0,3.0,0.0,0.0,0.0,0.0
2029-11-22 12:00:00,10,0.0,10.0,10,0.0,10.0,18985.0,0.0,18985.0,4,6,0,0.0,0.0,0.0,4.0,6.0,0.0,6,4,0,0.0,0.0,0.0,6.0,4.0,0.0
2029-11-22 18:00:00,16,0.0,16.0,26,0.0,26.0,19660.0,0.0,19660.0,1,15,0,0.0,0.0,0.0,1.0,15.0,0.0,21,5,0,0.0,0.0,0.0,21.0,5.0,0.0
2030-11-22 00:00:00,17,0.0,17.0,17,0.0,17.0,21032.0,0.0,21032.0,1,16,0,0.0,0.0,0.0,1.0,16.0,0.0,16,1,0,0.0,0.0,0.0,16.0,1.0,0.0
2030-11-22 06:00:00,14,0.0,14.0,31,0.0,31.0,19566.0,0.0,19566.0,1,13,0,0.0,0.0,0.0,1.0,13.0,0.0,29,2,0,0.0,0.0,0.0,29.0,2.0,0.0
2030-11-22 12:00:00,17,0.0,17.0,48,0.0,48.0,21081.0,0.0,21081.0,1,16,0,0.0,0.0,0.0,1.0,16.0,0.0,45,3,0,0.0,0.0,0.0,45.0,3.0,0.0
2030-11-22 18:00:00,3,0.0,3.0,51,0.0,51.0,2857.0,0.0,2857.0,0,3,0,0.0,0.0,0.0,0.0,3.0,0.0,48,3,0,0.0,0.0,0.0,48.0,3.0,0.0
